-1
0	0.5	0.5
1	0.5	0.5
2	0.5	0.5
3	0.5	0.5
4	0.5	0.5
5	0.5	0.5
6	0.5	0.5
7	0.5	0.5
8	0.5	0.5
9	0.5	0.5
10	0.5	0.5
11	0.5	0.5
12	0.5	0.5
13	0.5	0.5
14	0.5	0.5
15	0.5	0.5
16	0.5	0.5
17	0.5	0.5
18	0.5	0.5
19	0.5	0.5
-1
0	0.5101232365697994	0.4510355222497791
1	0.4652653015364968	0.5359652710632008
2	0.49272492467414647	0.45053209849808507
3	0.5113411006937916	0.5486968113437962
4	0.5297062006024231	0.45978132715058095
5	0.47188419414685756	0.5406317270973139
6	0.45976353160367106	0.4703179075705364
7	0.45000166341224224	0.4995921538803848
8	0.45012399176005624	0.5035190626662595
9	0.4650380785770648	0.46425557315585403
10	0.46180348099064095	0.5322649335280218
11	0.48534431666823113	0.5478038800316346
12	0.5417724549708492	0.5274783916142916
13	0.46501496341447507	0.46427819692247485
14	0.4826053331108442	0.5468767059829859
15	0.4577167296068957	0.5266856711525798
16	0.4770267780586707	0.5444098083044099
17	0.5499463807619046	0.49768503805930947
18	0.5480512674631701	0.5138230132454138
19	0.5462143785250354	0.5190848426125222
-1
0	0.5347534551911208	0.40752285362711343
1	0.4264680709024352	0.5044252188259671
2	0.5210492839837072	0.4917356258920219
3	0.5486662097490645	0.5819659597250214
4	0.5356710282168816	0.410138393801213
5	0.5113222045169531	0.5713667777406468
6	0.4279036154348712	0.43178291384123824
7	0.441566440240464	0.4503088198815339
8	0.4394348088382571	0.45467501115060077
9	0.42230162921551895	0.4383018471041283
10	0.43995798767619504	0.5772401980836472
11	0.441353237702348	0.571569085088975
12	0.4978324349645641	0.5036189146324451
13	0.5132184328315517	0.450995669446239
14	0.5322989058153714	0.5413496062136794
15	0.4769462314466986	0.48053129693958657
16	0.5268836894091813	0.5481898070593468
17	0.5005322194682182	0.5053165951508567
18	0.5915809069649177	0.5384232263511552
19	0.5021136759556752	0.5426459977813342
-1
0	0.583749441586301	0.39755323391704833
1	0.3773177978973207	0.49524640280631027
2	0.472242910223252	0.5025955467183792
3	0.5982351594883502	0.5885172360696871
4	0.5033383161659883	0.37199923110151517
5	0.5514865781142655	0.6011463528473457
6	0.4762248122599694	0.41893527057914054
7	0.46067307849261374	0.4965141915898265
8	0.4849649808483052	0.4340109496733541
9	0.41314592964610675	0.4874564314823393
10	0.48962152528712183	0.5714494268078963
11	0.45300592838333376	0.5229458930928372
12	0.4842741107678209	0.45549229159512816
13	0.46350266155504405	0.4456719408297538
14	0.4830684894262499	0.5326108361541276
15	0.4400657050460818	0.5142926175952334
16	0.5620157409014671	0.5837670323297832
17	0.4511334757516304	0.49758586949132955
18	0.574207692964517	0.5853078873320804
19	0.47508211438399545	0.5005830131155204
-1
0	0.5388900939343394	0.4196357819638758
1	0.32771108181133324	0.5015052940151613
2	0.44190901921868453	0.5423429372808177
3	0.5718261709776549	0.6309738648317775
4	0.46982973467343636	0.33488892301390966
5	0.5014866631899875	0.6012385893095574
6	0.4454156221393519	0.379555151177193
7	0.4533416658441049	0.5459737749744172
8	0.4832791281318671	0.3840393787492929
9	0.4505101332072309	0.4542311957082642
10	0.4877353095315999	0.5214850175736863
11	0.5028057858909011	0.5184766434661118
12	0.5167720644887659	0.49349075214225185
13	0.5106337365377851	0.42897877543276447
14	0.5086425005711679	0.5755755886142503
15	0.48284037843589195	0.4884019374883867
16	0.5275554710602604	0.5475387312038511
17	0.41197913208130255	0.5286814860915171
18	0.5264800038138377	0.5704059516076138
19	0.5250724316793591	0.49959905340655597
-1
0	0.5777875625732001	0.4510521301521814
1	0.3678655599548463	0.5312982107072566
2	0.4611507470343029	0.49619365873098925
3	0.5619282650706732	0.5819633408735853
4	0.5038047156894441	0.3715727159606854
5	0.5009202505599889	0.5512417976451658
6	0.48809528636344723	0.35350815016520554
7	0.47937066345221035	0.5032831286509281
8	0.5106918097535407	0.3422237729745494
9	0.43256529324658377	0.4075623332967294
10	0.5375744006341626	0.5174769010496252
11	0.5087005185086272	0.46882533807173654
12	0.5138226553435591	0.4435778180901029
13	0.5479681715021331	0.3957200928687651
14	0.4603726415463205	0.5625363896464701
15	0.4501601938370756	0.45056008850360146
16	0.5284698804003113	0.597530369060185
17	0.42553962470374707	0.5768074981830734
18	0.5718000083376352	0.5492849386119506
19	0.5149492129736827	0.4506345719629928
-1
0	0.6245372301958747	0.4333188682647156
1	0.3469161219851328	0.4858986396877731
2	0.41135006346536374	0.4917336232976784
3	0.5281850591249324	0.6188604417421267
4	0.4703934896910016	0.40877069947163663
5	0.4553802561129401	0.5718842031678456
6	0.5111878225204614	0.3978560336979853
7	0.496657729152021	0.550199622120607
8	0.530267954503576	0.3882321912990872
9	0.43698640362055613	0.35775817902159734
10	0.539655216893744	0.5674335843231759
11	0.5448890149370932	0.4343232696374107
12	0.5562814077286643	0.4171722439456097
13	0.5896422243194246	0.42334749451607157
14	0.501109319685504	0.5335446140163959
15	0.43650824867264953	0.49866023812111826
16	0.5513441874329987	0.6419912066341033
17	0.3755469844914965	0.5776653586661754
18	0.5675604637136594	0.599104877003937
19	0.5505859108144657	0.48570629514570407
-1
0	0.6491916995289639	0.4768178009171815
1	0.38268620778627843	0.5208343085918985
2	0.3697068212609935	0.46405980211757825
3	0.5745803001757104	0.6375013003017587
4	0.44699773639140855	0.3645820275347637
5	0.49190516392856654	0.5377384697731741
6	0.4893070701117971	0.442814155033632
7	0.47336411065329276	0.5944422185321616
8	0.5203430204179867	0.3392271335662704
9	0.46275839652533923	0.31491189118104096
10	0.4903701121204137	0.5758584550926216
11	0.5044688166091966	0.4637546740743979
12	0.5151423979550533	0.3887542588860256
13	0.635916248456776	0.4044077297304197
14	0.456399649939355	0.555928658136936
15	0.39688858719998843	0.4681597065717873
16	0.5904583521607379	0.6731373479304384
17	0.39116113179365036	0.5301659017847895
18	0.5177334196010259	0.6032600755548699
19	0.5008621212122706	0.4804579861231114
-1
0	0.6018856497877322	0.4930084666811365
1	0.4310761615644053	0.5334205063239678
2	0.3284708625098401	0.43578267875127435
3	0.6057301079513786	0.5983900554284627
4	0.47995102839975196	0.3269777651990543
5	0.46280404756273874	0.5783971100143646
6	0.4742952323740797	0.4905073906938013
7	0.5054266798120465	0.5560756750477646
8	0.502451852926613	0.29253766873965653
9	0.42116920047278184	0.28715691375892904
10	0.5391187333663653	0.5869747461385937
11	0.47645597679161594	0.505170622757901
12	0.5446773245169444	0.42909887578820605
13	0.6826684030273189	0.422134433964768
14	0.48768975107675155	0.5949277551881691
15	0.4389211800647627	0.49523850154246735
16	0.6323342391016306	0.7004578547506566
17	0.35707630604111823	0.493584148772946
18	0.5266163934383992	0.554055474389892
19	0.5430545430139878	0.507287066288223
-1
0	0.6494459868157243	0.477580753247714
1	0.3813740636572887	0.5279706014044857
2	0.2797932901595793	0.4243592838931279
3	0.6551757460956806	0.6058149371448773
4	0.4444065680550606	0.29181256451990756
5	0.413202220708601	0.5720995888566277
6	0.5011724262323018	0.4483456017100835
7	0.4656851334532521	0.5864172223552404
8	0.5407401876559473	0.2603817451227792
9	0.37220542898957537	0.2770302616892498
10	0.5217400975567706	0.5400920945775154
11	0.43919487132838975	0.47182980663624113
12	0.49898116340872045	0.40880452041605286
13	0.6343911221004838	0.4351461266414124
14	0.48253707371643323	0.5451939647030224
15	0.48663633232047304	0.48029647205466414
16	0.6763436708773899	0.7241890560429382
17	0.3209740677749891	0.4589918318199629
18	0.48546379008794255	0.5256571780064822
19	0.5007696927058628	0.4806038986648042
-1
0	0.6984350382222289	0.4875843946992482
1	0.3956051701239119	0.4800386119951608
2	0.3164430896776573	0.45837093182857336
3	0.704785595822765	0.5995809328092913
4	0.44737812551044215	0.24190094416663344
5	0.38796465681811276	0.5289363479116578
6	0.5223414668246579	0.40304801104127214
7	0.4776652028139122	0.6349607897778534
8	0.5880783719663559	0.2442852763735851
9	0.33101111408088785	0.24869250561711378
10	0.49169956663369985	0.5001225248793059
11	0.41308209369220567	0.5144692583696207
12	0.45110483974927396	0.3943872518517262
13	0.6355344062580491	0.4851330539458093
14	0.5312745883717944	0.5340290793378045
15	0.522674962895606	0.44563789293968753
16	0.654835996477075	0.7693268444456727
17	0.2995784998058793	0.5041828671176766
18	0.5253395644447003	0.4954922543458968
19	0.45113682644309994	0.4745558753064913
-1
0	0.747397322522959	0.47745055455572516
1	0.37686234357702564	0.5263927536982852
2	0.26807122226731134	0.4710264619729772
3	0.7546989698210115	0.6025228872805867
4	0.49049442129852944	0.26721862647592404
5	0.4308022681036064	0.5031499356107395
6	0.47517649630320763	0.3864508559925679
7	0.527652789880335	0.633846725472348
8	0.567621407652283	0.2899088734594435
9	0.2931471362342406	0.28134704866442356
10	0.4601807894639789	0.5389370413097019
11	0.36709717899319927	0.534100550230451
12	0.40735758212559287	0.41859835365249676
13	0.5934804227148094	0.4580874911277624
14	0.5460856920999214	0.4862731246687304
15	0.5173397440939999	0.4953524324662585
16	0.6262123623432403	0.8103230341341348
17	0.3482972890302199	0.5154291810255431
18	0.5374866509487359	0.44699021016770285
19	0.4192679430859031	0.4360282972153968
-1
0	0.7694003520318885	0.5223489586746821
1	0.40323008808245225	0.568875009402244
2	0.3176928386324056	0.4648868211597531
3	0.8046977993678487	0.6028650041412036
4	0.5015359812551453	0.31598422863281794
5	0.4769293764617104	0.4838551209052356
6	0.44374471768303236	0.4253358568640131
7	0.5453648484993704	0.6806044305002453
8	0.5873818647135578	0.2439793150386453
9	0.24874529226712339	0.25835843730314784
10	0.41517901800037865	0.5171462045855673
11	0.3942138086055302	0.4920923558099851
12	0.4022744447644114	0.36885740759628105
13	0.6402460552477922	0.44039637432327483
14	0.5057480595024805	0.5158175894029894
15	0.5644208704180542	0.47851890805636627
16	0.577337865477983	0.7997739319842853
17	0.3842893820664248	0.5501360857978383
18	0.5606541948132813	0.4026814648538896
19	0.3980344622977783	0.3907608774344955
-1
0	0.7260641273838626	0.5472883177934693
1	0.3857420506613264	0.5220330565484474
2	0.3176645018020208	0.5148868131299928
3	0.8085898220389248	0.5530167127007958
4	0.5505013075737735	0.30586509732078027
5	0.443664726059863	0.44652600313314145
6	0.49055332564661286	0.4429129504949814
7	0.497822630011228	0.6651209728364762
8	0.5436782955817868	0.2682691904015309
9	0.2335458280448514	0.21072466475303508
10	0.39803683350419816	0.5641158278616689
11	0.43094390994558446	0.5260172678297582
12	0.44464235528557305	0.3954084934134532
13	0.6902260138580087	0.4389808400350858
14	0.5273981571126053	0.5608872385415401
15	0.5368068084044465	0.5202018011794285
16	0.6237213717321458	0.7811038932170506
17	0.35185754465439284	0.5881909924733187
18	0.5908782385123561	0.4425124475492288
19	0.4479892997989653	0.38863621034763257
-1
0	0.6761782539998896	0.5439119829880609
1	0.4207540246201194	0.48633765517083577
2	0.31476579265140026	0.4649709089985428
3	0.7661022069062853	0.5793758204311553
4	0.5013895148401253	0.29648257023650404
5	0.47577919164628063	0.4848491175694552
6	0.47388443969946215	0.4900526178811741
7	0.5378638920126544	0.6351760678051837
8	0.5042196527239676	0.23756063290009372
9	0.2625029545163648	0.2514859800717632
10	0.43685295981018646	0.5956326224099342
11	0.40079469944809193	0.4861296117645306
12	0.39514580275149885	0.4024860132644769
13	0.7253962156082223	0.47452035197390224
14	0.5604578126437728	0.523376451077658
15	0.4999696879189146	0.4863931254535973
16	0.6599402562502548	0.7466337263438849
17	0.3889670309439593	0.5546815008728113
18	0.6372710648874922	0.4611593148712881
19	0.497576933673346	0.38222789022919484
-1
0	0.6262306384154352	0.5416238183463519
1	0.44829742678448864	0.5280672729166506
2	0.2706461194982747	0.441445296554626
3	0.785412570148476	0.5332552190533041
4	0.52267958632337	0.2512417384996943
5	0.5164277387762155	0.5139643303666419
6	0.451060690441618	0.44556580556769115
7	0.5763822974785382	0.6670560370706295
8	0.530748546617041	0.19517882325479827
9	0.29287089723841886	0.29120736039558937
10	0.4308175933699601	0.5459982154734935
11	0.414879951709276	0.4381545591982352
12	0.44369827376898774	0.4144299472100371
13	0.7738625194622331	0.46223143864803407
14	0.5250570031376119	0.4880666410199911
15	0.45967674067563724	0.515998503384819
16	0.6168086297852172	0.7213421704708178
17	0.35256062373483993	0.5204094493712775
18	0.6123481434895879	0.5045049950366043
19	0.4710308170925131	0.42459891446129044
-1
0	0.6370866548406765	0.49281657598033723
1	0.44693290357698323	0.47808589562053977
2	0.308985581081846	0.4735402445290637
3	0.7402212683020145	0.5546502240175943
4	0.5035929473917338	0.29745537516998183
5	0.5473690384830635	0.47468792558653244
6	0.47160156139179743	0.49115168738002507
7	0.5710735040447633	0.617338668754542
8	0.48902336458813944	0.16762870193646226
9	0.2436720465864316	0.28229259205740725
10	0.4800905339923076	0.554493939246464
11	0.4373481207211054	0.48282201246407375
12	0.4016555421335826	0.4414929979736392
13	0.723881109470954	0.4608681135643995
14	0.5306768535163587	0.5377498100183602
15	0.46277928269819263	0.4660948538890328
16	0.5848975279580072	0.682849553254351
17	0.3043239926038403	0.5335710380721859
18	0.6328347745741899	0.45889471169168944
19	0.47475777272881226	0.474459819002675
-1
0	0.6870152312447451	0.49014501122104603
1	0.4667916424766058	0.43219874611965425
2	0.3458183302094575	0.5073536825634078
3	0.7163757536529187	0.598597822713311
4	0.5501409237907726	0.2791992558355086
5	0.4983669615174612	0.4846275660758653
6	0.4979147201747377	0.4486356001322106
7	0.6028243162446827	0.6559636079084805
8	0.5241092073044943	0.20325149858247543
9	0.29065976436429036	0.299385116096539
10	0.5300747410533928	0.5557505396103655
11	0.4700443264457442	0.5206500196969707
12	0.35491297135712846	0.4237410381604757
13	0.6928056151897852	0.5000384295598194
14	0.5372368124987854	0.5873176114437703
15	0.44180515617486965	0.5114830243366686
16	0.586190472942506	0.6328662731172185
17	0.25580880635473396	0.5456655286862846
18	0.602270864737951	0.41932392176373556
19	0.4547920103686924	0.5203005032621755
-1
0	0.6379732420613952	0.49988581698546786
1	0.4185762615417659	0.418959522528058
2	0.3897821381585991	0.48353806603536065
3	0.7587825103372775	0.6250868201936535
4	0.5765750415439383	0.32164024331944646
5	0.44903902537248513	0.4764572101670223
6	0.45602433806931986	0.4759338763976104
7	0.6157965889704793	0.6076757197756624
8	0.5364630479516106	0.25170129343514386
9	0.34014674048985166	0.30652928812331204
10	0.4805094648415154	0.5491715279794058
11	0.42007782858225245	0.5188199674415211
12	0.3426444493810123	0.4722125077949066
13	0.7390823450240805	0.5189715823834681
14	0.5209552163758611	0.5400427806382563
15	0.3922481167080217	0.5048422533512127
16	0.5639950267569245	0.5880626776295464
17	0.21470944092787886	0.517190238318848
18	0.5533067555498575	0.40919890268145903
19	0.4932009059471314	0.552312325147919
-1
0	0.6629649648353954	0.5431918649786468
1	0.4449139139646631	0.4614604409281427
2	0.38376492583198046	0.43390145499253874
3	0.7643556962519253	0.6747752453926953
4	0.5454631871387962	0.28249880088980117
5	0.408910180031206	0.44662977696240846
6	0.4142104686763973	0.44851854626296467
7	0.5886541415297479	0.6496672373348925
8	0.5675846674304655	0.21256761483201028
9	0.2938706310006082	0.28759461911274975
10	0.5288286321344924	0.5363162538822386
11	0.40260234162324215	0.5656666039861596
12	0.38514732408697755	0.44587801251345077
13	0.7224329279988173	0.5661181295817399
14	0.493725908296705	0.4981075355390512
15	0.3533619886906227	0.4734118692012463
16	0.6137168961259614	0.5933291476473505
17	0.16497073687839284	0.5222952671608472
18	0.5090095125232224	0.3860093735737081
19	0.44948147764981594	0.5765736439363915
-1
0	0.7124507523870726	0.5360394646549602
1	0.4695172766746949	0.5049883003213936
2	0.4217297799349474	0.40136424778386093
3	0.7162544704466486	0.6611270925495528
4	0.5563421972258104	0.3313009231748683
5	0.3598603690746549	0.43692843452300356
6	0.45803543312823514	0.472588703944109
7	0.6298344050886582	0.678025408877125
8	0.600368745135921	0.1748157374084614
9	0.34084255708095224	0.3047304926038412
10	0.5603262560092473	0.575147937984843
11	0.42969703720115465	0.5236442590784769
12	0.3352183105687643	0.4432146294959192
13	0.767063016150255	0.5435758308614473
14	0.4550881479795267	0.5298427443405115
15	0.3838400258168488	0.4337749009401345
16	0.6398526173642485	0.550703755269631
17	0.1349549911953299	0.48230708126688987
18	0.4768738661612164	0.42431472872016374
19	0.4349436439340517	0.5287337924435954
-1
0	0.7357389968966626	0.5802848900417903
1	0.5075490160397219	0.47252929847490033
2	0.3798004977493711	0.3741257585562567
3	0.6819829622544897	0.6421524690783333
4	0.5247949398255278	0.3700922952893002
5	0.3603927296675757	0.38693126868133704
6	0.5011478893935988	0.4979129238682668
7	0.6785757038920145	0.6891737626103869
8	0.5918433955253815	0.12554791409528798
9	0.3664864353754417	0.2618074043410261
10	0.5248722994931385	0.6104043837409578
11	0.3927262067691765	0.5573066668528759
12	0.38247147197306613	0.45955900887535717
13	0.8001401400692282	0.5060804461688097
14	0.4684917755760854	0.48167280799788414
15	0.34252668498928124	0.4056109546671911
16	0.6305870635335308	0.5998377507535123
17	0.1688018724821653	0.5191091006021773
18	0.4490805552446884	0.4658783169711461
19	0.3861471384145699	0.5178296166798259
-1
0	0.7789767470177078	0.6053945886554745
1	0.5485695383944457	0.44394054639045977
2	0.42919753243805436	0.36638412023061667
3	0.6414391248046655	0.6714133174057867
4	0.5730575672850278	0.35702635518896597
5	0.38317285210514435	0.34242210084223473
6	0.546793244067694	0.4775045531181052
7	0.6756976793329089	0.7390908636343565
8	0.6295767189693386	0.09274248311391371
9	0.41634315496414814	0.2655899315191296
10	0.5217787135199524	0.5605001782485697
11	0.38714905308043523	0.6069946468554093
12	0.43175577870139287	0.45112947091007044
13	0.7784733585106789	0.4610188152962579
14	0.43085379399771695	0.5145875819255051
15	0.3134592599616933	0.3649282212011916
16	0.669284302786531	0.63150040500416
17	0.1587008749560655	0.4701400302722463
18	0.40089412809506153	0.4792225381381422
19	0.3527756100036397	0.480596015034021
-1
0	0.8234174341213498	0.5824811574467665
1	0.530553190892559	0.49058185021755346
2	0.412523084405325	0.319246420002415
3	0.6028892619644246	0.7032552406359971
4	0.6181408062016032	0.37864813977745404
5	0.4319299161412449	0.3313428993105542
6	0.5131458118180531	0.4405200928272503
7	0.6318920894551886	0.7631962633502908
8	0.5816853616711991	0.0783752322933171
9	0.36983225365524514	0.28394030098226253
10	0.5551447218681609	0.5232616298489975
11	0.4203141738790799	0.644412219764556
12	0.4780406465748959	0.4322162214290224
13	0.8229163444766412	0.4839277873035148
14	0.4579550479467348	0.5144223252401926
15	0.28854344658407727	0.3215784548381325
16	0.7151000186610906	0.6515233962617525
17	0.2046978458215093	0.4897430573651092
18	0.4451352215233664	0.5025190110958241
19	0.3156054283081521	0.5140381679659786
-1
0	0.8731000485339695	0.5881059085636567
1	0.5744030383186264	0.5146066474219133
2	0.4491911573470434	0.28525447350415134
3	0.5756101684227614	0.6613523641769139
4	0.6676762330695805	0.3854482489682889
5	0.44823288848520837	0.28407543594777196
6	0.5631437566286822	0.4400667555209471
7	0.680046152543993	0.74973572071489
8	0.5319381183335582	0.0833963656619442
9	0.33827438370290464	0.3227230399787693
10	0.5064646573148458	0.5346743996742888
11	0.47029214507937145	0.6429281730325341
12	0.5269987046863716	0.4220619835967983
13	0.7778696473692224	0.46222997451714243
14	0.48918739938011174	0.47537696413362784
15	0.25285270775763113	0.35659518172718385
16	0.7321069309305007	0.6985421684177817
17	0.25083802768673263	0.5090065881277736
18	0.48055865591075475	0.5378061234203313
19	0.35297498265926514	0.5472573854100907
-1
0	0.9001745501023827	0.5460705500565382
1	0.5484623618406403	0.4718622758174031
2	0.4466737983943711	0.3351910623334196
3	0.6184189765494396	0.6355181630711462
4	0.6903900825075489	0.340905224332446
5	0.41227885009765763	0.24932911062225688
6	0.5594980179565262	0.39019984675837843
7	0.6419281506566248	0.7820933771830985
8	0.518292888427531	0.13149842072003565
9	0.3556758963406238	0.36959720512247396
10	0.5539613550825085	0.5190518614308629
11	0.428865037523796	0.6149318382799493
12	0.5767989717376965	0.4175972997763334
13	0.7565628697298862	0.5074629406660464
14	0.5391798038372316	0.4762484551523635
15	0.20938340787646376	0.38130186033522706
16	0.7677817297800772	0.7335751347072962
17	0.2027051288328423	0.5225426159026108
18	0.43056656261258885	0.5386952846360141
19	0.3156541955221783	0.5805313819760017
-1
0	0.9308588542328817	0.5065930440559429
1	0.5775992138329424	0.43122923684689685
2	0.4627409512824433	0.2878429198347818
3	0.5739353528466227	0.6126881998152365
4	0.6662460927180797	0.3846895566563037
5	0.43815076034998657	0.206543081829023
6	0.510380981716862	0.3995548855627612
7	0.6062358042772779	0.8171084655013752
8	0.5678526628397829	0.12487809140747867
9	0.39952919476135745	0.34557870771688926
10	0.5428646987964013	0.4702987669724801
11	0.4423560069635974	0.5667862907851462
12	0.6075134571971819	0.457051328505464
13	0.7294115545057722	0.5494487249459762
14	0.5883850253275604	0.4851279921947825
15	0.20716768559291843	0.431252741956698
16	0.8143760387658333	0.7517126750625894
17	0.23561789668508315	0.5601823517186935
18	0.39423445538223484	0.5043444770152018
19	0.3576478845459281	0.6076704696942099
-1
0	0.8936287493478896	0.4732176146167209
1	0.5284852314629	0.4218581784352145
2	0.4222535768603122	0.25850399496691784
3	0.6125680380094194	0.5809468129975149
4	0.7049795269935859	0.35307119064499576
5	0.4649558859882464	0.24875072615463192
6	0.5111754617949416	0.34956119794716783
7	0.616745896819575	0.7682255650682753
8	0.601827399168505	0.08819407184318057
9	0.36842811007240384	0.3847287081149804
10	0.517769965531595	0.5135452045410039
11	0.4842347810988509	0.5394702098633077
12	0.5677696241061791	0.42671277660800977
13	0.6826227002977125	0.5318191157076256
14	0.6137828228882233	0.4420588399037565
15	0.17751083484017602	0.3909976652156264
16	0.7858382337971518	0.7106566927022866
17	0.1887079790402662	0.5428774499115033
18	0.4391116870624052	0.4822982964678981
19	0.3211961936762026	0.6418943536458886
-1
0	0.8445993747070061	0.4634135122955554
1	0.541411555763366	0.3735579699462319
2	0.42861553144336245	0.30809759872670933
3	0.6339984081549283	0.6261213548925523
4	0.6849974654842871	0.3072376088753086
5	0.4260212247474296	0.2173804830241932
6	0.5508914115634713	0.3799362425394581
7	0.6631419282755104	0.7495866738689618
8	0.6479269844140252	0.06883359043927376
9	0.3432857054620875	0.4279474481522737
10	0.4805540561234759	0.48015394689882057
11	0.4637060051600544	0.5850615397238711
12	0.537520980564003	0.38690047243130626
13	0.6381728065011215	0.5089235497292145
14	0.5749428197302414	0.4735462049044668
15	0.1385949884157424	0.3596040847083014
16	0.7462252844160723	0.68014744424658
17	0.17873431657022568	0.49388228630392156
18	0.47223558560639556	0.5197523662767645
19	0.3011066468590279	0.6876809249160826
-1
0	0.8838131934060232	0.4323929316588133
1	0.5529676348076787	0.4222042137593116
2	0.4648237616718875	0.2736162405208885
3	0.5859425968803493	0.6399285632542036
4	0.7075947873301415	0.35183986269050127
5	0.45265352601699005	0.25969738897308514
6	0.5963445898009399	0.3591033697631722
7	0.65934101629281	0.7994419952308762
8	0.6064403895632894	0.040925483235615165
9	0.30118453734369766	0.45491950115287183
10	0.5246955601181332	0.456669321607161
11	0.503966741183556	0.5554123722002133
12	0.5656169441108885	0.34554086856023325
13	0.6075595472970342	0.4693909257219042
14	0.5300124221260528	0.4516085803491617
15	0.1651581141858165	0.31724372175750476
16	0.719096404097376	0.7221477282057851
17	0.2022221775948667	0.44974250396998666
18	0.47475087441757646	0.5696890594211482
19	0.260389124436184	0.7166995976587358
-1
0	0.8538713274606955	0.3923493970531866
1	0.6005976173898165	0.4374155502957652
2	0.5126849596256431	0.25914883818213336
3	0.6258507140463403	0.6700506844322605
4	0.7286510739150708	0.39718997619921614
5	0.49422697935119886	0.2822848893061277
6	0.5731502167282982	0.4033980766452266
7	0.6279306622091593	0.7605396860919614
8	0.5644776327432486	0.06811237419545316
9	0.325478642278225	0.4986207192758278
10	0.491851168426846	0.4943687371786165
11	0.5039911138141024	0.5054123781404649
12	0.5277945438973506	0.3782435602244827
13	0.5895310472563469	0.5160275335132406
14	0.54589127458888	0.40419695683273094
15	0.16967320628756938	0.2674479996188241
16	0.7528473128816481	0.6852576732283832
17	0.16432062369924297	0.48235342564198375
18	0.5241259640530375	0.5775694479579017
19	0.2995572722294279	0.7477778247389056
-1
0	0.8478523618096534	0.44198579551733364
1	0.6494045355709475	0.42655807647998323
2	0.5265002917744595	0.21109536174579338
3	0.658431900071327	0.7079778029255657
4	0.6908304500552158	0.4298947221980979
5	0.5262305221226813	0.2438690950272911
6	0.5274714450224484	0.3830646112385417
7	0.5781058170656704	0.756358202332893
8	0.5844212846753876	0.11396268223814454
9	0.29112157988442744	0.5349469118050305
10	0.5332382703693648	0.5224241785902137
11	0.47228254480593734	0.5440720037394594
12	0.5250495002715587	0.32831896973550123
13	0.5549918917030167	0.47987443221248277
14	0.4958924907420962	0.40384822506963686
15	0.21015413272051517	0.2967958205793389
16	0.7984465469232487	0.6647464603237466
17	0.11692580823017285	0.498282376224266
18	0.5636574041644697	0.6081842359322817
19	0.2514814237685361	0.7340405471787278
-1
0	0.8014701682747347	0.423312495785113
1	0.672958594145093	0.4706625697282422
2	0.48919393119168403	0.24438553236818492
3	0.6425358482761817	0.6605719431893889
4	0.7310895377181682	0.45954612790755317
5	0.5056091730803105	0.28941862810582786
6	0.5604575741531229	0.34548915003080044
7	0.5904158028872016	0.7078972464088328
8	0.5587492476046354	0.15686893484353912
9	0.27160041861090567	0.5809786862932376
10	0.4848541768604589	0.5098154714669021
11	0.5220426099802957	0.5391795693920608
12	0.558845591349895	0.29147030316770256
13	0.5674504291505955	0.5282974106903425
14	0.5220583306501866	0.36124131457492736
15	0.17919227301107954	0.25753562135247265
16	0.8030302488019654	0.7145359137962145
17	0.09004133824437505	0.45612522649159626
18	0.5583372652231425	0.5584680803926085
19	0.2871540419271602	0.7690757339729922
-1
0	0.7686705026447661	0.3855741607057503
1	0.720782120025618	0.4560711211245311
2	0.4412945740337616	0.23004497506179747
3	0.5963725762200983	0.6413638117582469
4	0.7720628616543616	0.4882024836706254
5	0.4686553448471997	0.3230996996285354
6	0.5993999814439335	0.3768497768484618
7	0.5586732582028955	0.6692655126014455
8	0.5198780483660478	0.18831778012844622
9	0.30215271431806623	0.5413989284993573
10	0.5208404151639988	0.5445284467464836
11	0.5019037066490422	0.49341468577356545
12	0.524681987182008	0.32797849608737384
13	0.5433085738046304	0.48451190143837086
14	0.5666328798531682	0.38389323642167067
15	0.18021001761290467	0.2075459804663305
16	0.7814865432603324	0.6694153115004183
17	0.06745271723415695	0.41151856554441557
18	0.5088342066795974	0.5654999503312768
19	0.26600858039792474	0.7237671315147877
-1
0	0.7553733796438566	0.43377360592972236
1	0.722363376281396	0.5060461111560814
2	0.40766215048737253	0.26704308428911194
3	0.5746545966055742	0.6864007894706013
4	0.7226089967400059	0.4808325959487764
5	0.4332471647315153	0.2877972807185619
6	0.5613526468372276	0.40929049708284265
7	0.6070579181814186	0.6818720457792347
8	0.5009675419781197	0.14203179144772202
9	0.3298392903131001	0.5830336917347981
10	0.5033973464162901	0.5913871636800778
11	0.5446946070211833	0.5192785378714546
12	0.49922812502962044	0.37101453797701855
13	0.5899475128320378	0.5025343698153099
14	0.5205090243301088	0.40319582566995404
15	0.22027631189414054	0.17763457691234452
16	0.7682599106077345	0.6211964750495744
17	0.02762471476201206	0.44174653635091893
18	0.5588341948294943	0.5654655263544495
19	0.22386721310514449	0.6968579293212073
-1
0	0.7098898042190537	0.45454002994966997
1	0.7631812933801038	0.5349233971040894
2	0.4572732503777412	0.27326713182008894
3	0.5739619472495396	0.6364055873321003
4	0.7578753579865409	0.44538850244324446
5	0.4347956529616906	0.3377732968082925
6	0.562366907291228	0.45928020878166576
7	0.6395802394044456	0.6438944389264293
8	0.5397089654135073	0.17364036797688562
9	0.36752355513320645	0.6158954656517384
10	0.5325717337028426	0.6319932608386849
11	0.4948109610002152	0.522687622742025
12	0.5121116121803577	0.3227028855644091
13	0.6341029524420012	0.5259927830790172
14	0.5670039130869311	0.42158672884219456
15	0.23677819939933956	0.1304361901945153
16	0.7740090901953905	0.6708648446027304
17	0.055828534591549225	0.4830326665525133
18	0.6034242465756552	0.5880869163487599
19	0.19519391960874927	0.7378194019518339
-1
0	0.739433469016831	0.41420181146748397
1	0.8062530317932636	0.5603168086525273
2	0.4439662590506335	0.22507041012846057
3	0.5822509563957609	0.6857137238551313
4	0.8056961584371989	0.4307881242201179
5	0.4634501294862656	0.3787479350019676
6	0.5585935983101031	0.5091376268790058
7	0.641111403629809	0.5939178890643693
8	0.5159966683760078	0.12962074770131546
9	0.3485861519239173	0.6621704563020757
10	0.5676847108655371	0.596397210007559
11	0.539264961955274	0.49980003223783165
12	0.46211273089705784	0.3223684152092437
13	0.5854513348677601	0.5144593487505184
14	0.6084733848918839	0.44952027334013156
15	0.21521734999671646	0.0853237775674189
16	0.7326445699719754	0.6427761196995476
17	0.008453119957196283	0.4990192261643603
18	0.638504230520564	0.5524583501914622
19	0.17532228806400202	0.6919378341958188
-1
0	0.784162375139302	0.391856231209026
1	0.7639651102465495	0.5336385086456125
2	0.4509239218787792	0.17555686725411315
3	0.5633052766707739	0.7319853265911315
4	0.8512769884395402	0.45134020285702603
5	0.44008981488331256	0.3345405181847517
6	0.5269202195454779	0.4704491650637231
7	0.6779431727290742	0.5601033835228355
8	0.5518049731212319	0.16451724195608497
9	0.39322624445543153	0.6846929370441664
10	0.5886705274381424	0.5510144434239651
11	0.5647109869596714	0.4567593559945896
12	0.4578678194417341	0.27254893381153683
13	0.6229190108151624	0.4813508413981708
14	0.6580903849369721	0.4556971096278855
15	0.18222321136012748	0.047755349125047954
16	0.781311499233144	0.6313074669326176
17	0.043428495149142314	0.46328796351968726
18	0.6781443639977502	0.582932270482604
19	0.15922285520315885	0.7392750105116829
-1
0	0.7886765361941722	0.44165203775908296
1	0.7537375097560849	0.4846957238024157
2	0.40859252744982855	0.20216613341649733
3	0.5908507334545894	0.7737135881241854
4	0.8802841992480673	0.49206589156955327
5	0.4813428108725414	0.3627927804289096
6	0.4799130271996357	0.4874880578611145
7	0.6754198533889979	0.5101670955199413
8	0.52074259122849	0.12533652691476066
9	0.3432380625266286	0.6836058917585882
10	0.606687847675694	0.5976553714963944
11	0.5369751097718114	0.415157419541824
12	0.42478121056572005	0.23506191855177427
13	0.6347169024821336	0.5299390061321305
14	0.6647850726529195	0.40614732500286477
15	0.15250435604243107	0.007546026342814621
16	0.8040749659256792	0.5867897784915289
17	0.08645482931889563	0.48875823183222605
18	0.7182401373961544	0.5530603948203056
19	0.20635140665637014	0.7559752990697293
-1
0	0.8375106019271148	0.43091732658501575
1	0.7816678671919872	0.443224105392921
2	0.3618546219283851	0.2199303724226756
3	0.6406061058024716	0.7786535195532235
4	0.8499523287863022	0.45231695907708624
5	0.470461245648385	0.4115943330504444
6	0.4342923635651675	0.5079515631705845
7	0.6277694207639702	0.4950199416404924
8	0.5564128507054981	0.16037411514287525
9	0.29496119372440366	0.6966191134447335
10	0.5805447380979893	0.5550345101535246
11	0.48908401394553547	0.42952554191597075
12	0.3817800358385359	0.20954919678238668
13	0.5855696964244917	0.5391342297143874
14	0.695927925786799	0.3670305421765431
15	0.11545287675460636	0.0
16	0.8525037744056171	0.5992256342808784
17	0.05248452476495714	0.4520701082973181
18	0.7514018840965415	0.5156398315458255
19	0.22784046152727305	0.8011219547681896
-1
0	0.8128010315405548	0.4743849827365917
1	0.8209318953391074	0.47418110934456587
2	0.3338253761383528	0.17852552511656958
3	0.6814132032765502	0.749760946186681
4	0.8185662661597777	0.49123886900971775
5	0.5159732768318214	0.43229831859810924
6	0.4304150218065287	0.4581021276583672
7	0.6768706710439438	0.4855823984780272
8	0.5145742487158154	0.13299654433118863
9	0.24503658492251845	0.6938744028992064
10	0.5668550563408286	0.6031239332462137
11	0.4392535559208672	0.4336395974639394
12	0.431659247192958	0.20607583030864776
13	0.5463927277427761	0.5702013365142148
14	0.6652444130162084	0.32755242109591154
15	0.080422677040035	0.0
16	0.8916305183918753	0.5680952969066416
17	0.003986323203325801	0.4399076889126981
18	0.7137527460180573	0.5485418436719437
19	0.2543905956046375	0.8434904617099497
-1
0	0.7742561799253128	0.5062329719032403
1	0.8210480292817091	0.424181244215674
2	0.30413870873887744	0.218758618195687
3	0.6338913743538219	0.765306870920802
4	0.8683692309435908	0.49567335869200063
5	0.4660377256401391	0.43483617737725405
6	0.46086708641831114	0.49775905342020393
7	0.6315400655865983	0.5066806498006006
8	0.4715196224645723	0.10757412984385538
9	0.23971805392708098	0.644158075319119
10	0.5695135605192354	0.5531946597132111
11	0.41303367423837567	0.47621327248214923
12	0.4816079709526405	0.20833967544004034
13	0.5165500463220145	0.5300838295425829
14	0.6366681596506399	0.28652319074014154
15	0.05305394272974969	0.0
16	0.8459235314766341	0.5883652586019673
17	0.03570018195878595	0.4012524025622036
18	0.7636727470298766	0.5457145660096065
19	0.21086702141717958	0.8681014041939109
-1
0	0.746659277560463	0.46453871594555535
1	0.8549107524742521	0.46096868742643826
2	0.34620621613859787	0.24578314078489233
3	0.5857749499701969	0.7517123976123251
4	0.9027415099265534	0.5319851534358215
5	0.47687677709411697	0.38602516464879266
6	0.482780578253128	0.542701225993472
7	0.6670562844578394	0.47148692596963754
8	0.4701178508615241	0.05759378334272668
9	0.24691897047052372	0.5946793243149315
10	0.6028604351997656	0.5904503431593783
11	0.4494708177991405	0.4419739008592322
12	0.5121146450333428	0.2479546074295542
13	0.46683176008696836	0.5247836395601368
14	0.6839246236685155	0.3028580188239397
15	0.03642786377496914	0.04715478235120382
16	0.8031002024424041	0.5625551348047813
17	0.07227596074404188	0.43534363906444895
18	0.7962228133278961	0.5836683956450271
19	0.16356461514382106	0.8843027115717164
-1
0	0.7220439050511865	0.42101764706817646
1	0.87638274967198	0.4158139165119406
2	0.388329098526647	0.27272126951208087
3	0.5578799745394625	0.7102169720124023
4	0.9316470441422725	0.5727830711731754
5	0.4569134818402321	0.3401834059280998
6	0.48573818036101235	0.5926136752398418
7	0.7122867656313245	0.45017487367955994
8	0.42143314568836804	0.0689867409132118
9	0.21313156885206141	0.5578226900156262
10	0.5733750393912874	0.5500695131280704
11	0.49005065361051947	0.471184805082168
12	0.5607736479100851	0.25945684369217664
13	0.5162269211538294	0.5325372234526895
14	0.6785762676531312	0.35257114674738366
15	0.007464384189523204	0.00639798107456465
16	0.759717429295896	0.5376968365098733
17	0.08394117931755485	0.3867234511212482
18	0.8432275348384004	0.566622687806397
19	0.21343004147348255	0.8879686707860426
-1
0	0.6958046438801603	0.4635793807405572
1	0.8329911884982433	0.4406568716281472
2	0.4248744945991936	0.23859746512422433
3	0.5109024828404667	0.7273375816297839
4	0.9661978192808622	0.5366410743091031
5	0.4075586966120893	0.33217683518377383
6	0.4504990321847096	0.5571425258955003
7	0.6769025401196878	0.48550130266610814
8	0.44947240573896546	0.02758867458379284
9	0.26297068140807217	0.5618305397669631
10	0.6160625333415889	0.5761036802982138
11	0.45249838116180147	0.4381722796722988
12	0.5571836680635466	0.30932779761027857
13	0.49689779257021227	0.578649963429815
14	0.7030379810993327	0.3961787673575009
15	0.0	0.0
16	0.7299644834554055	0.4975127325157211
17	0.041275794835117376	0.36065306625708127
18	0.8742636773523533	0.6058241910665222
19	0.23872126272408464	0.8448368481065743
-1
0	0.7015083385272923	0.41390576734901624
1	0.8277884003629538	0.39092829839686205
2	0.3953939943813974	0.198213060870744
3	0.5246187710742162	0.7754194226624306
4	0.9584670067406649	0.5860398044291004
5	0.45507660217324547	0.3166189223712837
6	0.41269138795520866	0.589862275861163
7	0.6423922377024782	0.5216819470367208
8	0.4019516285721386	0.0431378140281733
9	0.21311859728749538	0.565673677656102
10	0.5660713751095979	0.5751634151100679
11	0.4898360865578042	0.404917268685061
12	0.5143470973284413	0.2835396567766255
13	0.448268664300215	0.5670220709423454
14	0.6599506412224296	0.37081183726471595
15	0.024816474876657037	0.043406711171157054
16	0.7656211728134524	0.5325641305480927
17	0.0854939371316142	0.33731306000500927
18	0.8903675187781883	0.6531598677948797
19	0.28260825907113896	0.8687937166756015
-1
0	0.6865097648246965	0.46160317594621153
1	0.7912073748968258	0.35684269181803613
2	0.3528096831691572	0.22441566453104989
3	0.47479486711784713	0.7796121061165578
4	1.0	0.5654479197049033
5	0.48568235847347546	0.3561573553358175
6	0.387583931297275	0.6331013278878898
7	0.6255610634106779	0.474599980510682
8	0.4484444312329079	0.024741637774756707
9	0.25713325074264454	0.5893951928105589
10	0.5580552772323041	0.5258101763630348
11	0.520454460044707	0.36538860560348774
12	0.4994719541887491	0.33127570307890813
13	0.421646699721151	0.6093454805633939
14	0.6764414941195441	0.3236095939840653
15	0.0	0.08675653773995512
16	0.7954617058813311	0.49244502554530334
17	0.07922983549869198	0.28770700159746776
18	0.937163154895955	0.6707714673909859
19	0.2519612293956411	0.9083001664283843
-1
0	0.721762294492181	0.4970610263046741
1	0.8300180230429717	0.3883662320772784
2	0.30297823601315127	0.22851772186099917
3	0.5247854016088864	0.7786392436904093
4	0.9561593086087007	0.5894894208712792
5	0.5056990899353279	0.4019758064399752
6	0.3411304650999828	0.6515966104825687
7	0.6711813830742853	0.495064252640183
8	0.4018835389404035	0.006518484674214321
9	0.24199710715989103	0.6370491239961628
10	0.5288082986943716	0.4852563325698539
11	0.4759998433032651	0.3882750000414834
12	0.45182378560611464	0.3161214287405953
13	0.465591926828942	0.5854955955648311
14	0.6355496946361435	0.3523821631256862
15	0.012384225349630183	0.13519857488218912
16	0.8226353150382555	0.5344163844152127
17	0.0467081305749227	0.3256851362126813
18	0.9831685707191123	0.6511882675774114
19	0.21580114850220664	0.9428320147684353
-1
0	0.6929399071657683	0.4562043256448528
1	0.7800279338687139	0.38936171404585435
2	0.28133563147438123	0.18344447404393577
3	0.4989327341439874	0.8214369023290469
4	1.0	0.568115611568577
5	0.5430693134852312	0.3687573418181682
6	0.3206322343416621	0.6972016818648025
7	0.6286186978478838	0.46882653501234295
8	0.3575923092167167	0.029719496927208877
9	0.20027467069126215	0.6094948449251868
10	0.5702109962972929	0.5132887536426235
11	0.5071917513455564	0.4273526774632705
12	0.44811006403719217	0.3659833207234365
13	0.4443642347849073	0.5402254609230651
14	0.6063827409619422	0.3929936001030574
15	0.05452777162611991	0.10829278540777731
16	0.8642728226736927	0.5620988329685634
17	0.0956900591319125	0.33572359599682877
18	0.9445925208656694	0.68299846056181
19	0.2639231360883705	0.9564067821976435
-1
0	0.6635608705393279	0.4966626030044028
1	0.7310738568435954	0.39953512756437215
2	0.30391069862518977	0.22805799602031065
3	0.4570804771769327	0.8487935941386137
4	1.0	0.5698255485878129
5	0.5082684449736967	0.3328560946136088
6	0.29716492531208444	0.6530509694480101
7	0.6501626281593093	0.42370604003792534
8	0.3997164190643972	0.05665570619170167
9	0.22055476049830622	0.6551973389207909
10	0.5523104314641268	0.5599746163705802
11	0.45820398678561364	0.417342736233692
12	0.3984972622350538	0.37219378748059223
13	0.4241014042544397	0.49451531217146344
14	0.5652093089329239	0.36462551072517
15	0.058018057833027985	0.05841475515202375
16	0.840646761064737	0.5180328686326973
17	0.1306383787697591	0.2999658701953896
18	0.9533582376589151	0.6337728350289576
19	0.2975053277428088	0.9934504915648839
-1
0	0.6275285108534383	0.5313277015253457
1	0.7780450400530783	0.416673037235659
2	0.2560412954451546	0.21361776613338576
3	0.45111221422250314	0.8984361145954436
4	0.9628300870329671	0.6032680002028366
5	0.5199345826782693	0.3814760620247245
6	0.3277606501111574	0.6135047733727946
7	0.6688758561344609	0.4700721386310785
8	0.44807072684649335	0.06937816345884616
9	0.19790502204750476	0.6106216802255985
10	0.6012798966136993	0.5498755330970939
11	0.42502214152069495	0.379939993756502
12	0.34875872141533615	0.377300406433019
13	0.4664815608108349	0.467983777533312
14	0.579116074207379	0.4126526059902515
15	0.03944139550816973	0.011993772645530074
16	0.8562605585712402	0.565532440498409
17	0.16832159370139216	0.33282884803392926
18	1.0	0.640724760747826
19	0.3444673714850353	0.9762875533679083
-1
0	0.5981861013856928	0.5718125506250664
1	0.8245617167522509	0.43500876162453034
2	0.23694855036759926	0.2598288804393997
3	0.40117104978146384	0.8960112240261451
4	0.9130291730862746	0.6077254624936617
5	0.5685860797381234	0.3699421193408451
6	0.34852349707613844	0.6589899818026653
7	0.624785765442052	0.4936531458770627
8	0.4139927013249456	0.10596625136396551
9	0.1556619442158521	0.6373709302208589
10	0.6432494537226163	0.5770519249856679
11	0.4534772047088375	0.42105336602099536
12	0.37372636617045957	0.3339804720450036
13	0.4428849377855768	0.42390204229292183
14	0.5372655145542409	0.4400118942982307
15	0.0314385242872744	0.06134915788586393
16	0.902565690825174	0.5843960225269023
17	0.147363636329152	0.28743320922596266
18	1.0	0.6652725582434403
19	0.3686059332740928	0.9325002283210885
-1
0	0.558835350788604	0.6026592429509174
1	0.860917766529197	0.4693342280396603
2	0.2064486974304433	0.2994490643210005
3	0.3694799485847359	0.9346851701001979
4	0.8924575110856554	0.6532974574305994
5	0.5541547630275737	0.41781421035429267
6	0.39016500540281746	0.6866664119243252
7	0.5811959073221751	0.5181464974053653
8	0.45722152637049207	0.08084119046490432
9	0.15863607699725196	0.6872823971818549
10	0.6772555015360757	0.6137069207176102
11	0.45002058385203697	0.4709337406412038
12	0.3410530016988461	0.3718282098123406
13	0.4031745526067458	0.39351972327430706
14	0.5106449709071998	0.4823361976703594
15	0.08103576941302992	0.06768266212409725
16	0.9498230919890145	0.6007281392066179
17	0.12429483607718064	0.24307297416194787
18	1.0	0.6607929352242203
19	0.38661917848914346	0.8858577262781828
-1
0	0.5150952028107466	0.578435299116869
1	0.8413558464006556	0.5153486962087543
2	0.2525223590954305	0.2800269712108259
3	0.31950406789430785	0.9362380220622689
4	0.852788840817148	0.6837342213704213
5	0.5451561374206945	0.36863062836612087
6	0.34430233176808744	0.7065816113226301
7	0.6102983178365589	0.47748878347243146
8	0.41472664277291355	0.054493802206705876
9	0.19751460656653172	0.7187221799185508
10	0.6824492595995314	0.5692649537389886
11	0.43710827061854457	0.42262978462350087
12	0.3275261756265538	0.3236927241867654
13	0.42661266627790684	0.43768594144541306
14	0.5432716569534346	0.44444821332650136
15	0.03186105417346389	0.05863570787929239
16	0.9088129300107446	0.5721245272928043
17	0.09079762071255953	0.28019354208346803
18	1.0	0.6394296057763776
19	0.3877032672276789	0.935845972412719
-1
0	0.5606300887837645	0.5577816273022919
1	0.8035670683985858	0.5480902333918233
2	0.2899325711739391	0.3132003947941857
3	0.33132555708293754	0.9222008800390407
4	0.8261782147414627	0.7260647609353743
5	0.5044049992521186	0.3976020753090273
6	0.37944232771787445	0.7421509897913208
7	0.575900691511673	0.4412009989821444
8	0.45224244360782573	0.021439835913457446
9	0.22805831346157393	0.7583085660773018
10	0.6366120547944283	0.5492912045752728
11	0.4078043144534729	0.38211709336414906
12	0.3348143666474035	0.37315869503181814
13	0.4574540739548854	0.4770408340574176
14	0.5578977718929978	0.492261148414976
15	0.0	0.09079429198830175
16	0.942614308271217	0.5352807106108635
17	0.12473391919373453	0.24347396085768877
18	1.0	0.6320165418834829
19	0.36144009978174646	0.8932989862009212
-1
0	0.5565777443904483	0.5079461128079279
1	0.7605431960134326	0.5735646598816592
2	0.2402693678412365	0.307406757358633
3	0.36539503938187795	0.8856048368665583
4	0.7775972378653563	0.7378922156811433
5	0.5456678273531241	0.3693641749425541
6	0.3858976820702793	0.692569456936992
7	0.5976605875514814	0.39618425849222516
8	0.46647619956707853	0.0
9	0.19058137901468067	0.7914065929741315
10	0.6186612037229107	0.5959577551849782
11	0.4166374671166758	0.43133066277369864
12	0.2883127657913096	0.3915326199750775
13	0.49828625473151544	0.44818372032397913
14	0.5611239315234047	0.5421569588006099
15	0.0	0.1231048127673485
16	0.9035226138417323	0.5041063713775806
17	0.16244214981603358	0.2763082317242012
18	0.9575122174742052	0.6583753797949077
19	0.351870027193372	0.844223394399566
-1
0	0.5760571702833434	0.5539955641280382
1	0.7350717993229609	0.5305389936969663
2	0.2877303202057867	0.32313755519758247
3	0.405035179797537	0.9160787481322104
4	0.7363408479907463	0.7096449097120039
5	0.5406844626826912	0.31961313398297736
6	0.36526527108293516	0.7381139803931588
7	0.5669987382929228	0.43567920753695016
8	0.49857946151803445	0.03833250020685194
9	0.21981589842560478	0.8319694192416921
10	0.5823743236329474	0.6303563355820909
11	0.4515610110104225	0.3955487388189761
12	0.3258503480023536	0.3585033916802911
13	0.45591954929406864	0.4216307116361371
14	0.5527003399497787	0.5914422822245333
15	0.03418877174078376	0.08662018741835271
16	0.951378957042458	0.5185898245381481
17	0.12294784324532801	0.30697090852351416
18	0.944217139425589	0.610175370462116
19	0.372686644559443	0.798762769223106
-1
0	0.5302005370598025	0.5739246682072899
1	0.7790128964341283	0.5543964869573017
2	0.33578170172635446	0.30931493844224855
3	0.37281336985146585	0.954311652335256
4	0.7191581852252442	0.7565997401374993
5	0.5778060481458756	0.35310922170526965
6	0.41257476170004753	0.7219333717040718
7	0.6166735470194902	0.4413724823396399
8	0.5319657237549457	0.07555289104101967
9	0.26811946596843106	0.8448831856417638
10	0.5818458627592118	0.5803591283690382
11	0.4141874482017715	0.4287634464495999
12	0.36226909506373056	0.3927623301121726
13	0.5021475499037538	0.402578888635937
14	0.6011405088125829	0.6038338132253025
15	0.0	0.05538638651973804
16	0.9159915113633385	0.5539130277947522
17	0.09399322470887035	0.26620781166608415
18	0.9290168999261209	0.5625418453022162
19	0.3726798736108844	0.8487627687646485
-1
0	0.5441838590894641	0.5259198069428849
1	0.7523830000210039	0.59671490631609
2	0.3325079230041364	0.2594222298278833
3	0.3294711678665036	0.9293826826996145
4	0.737340142437559	0.7100227454735071
5	0.6170314061451064	0.38411520967263124
6	0.4423248374739063	0.6817471428258893
7	0.579432167973441	0.4080096334392764
8	0.49460255215127047	0.04232649479173742
9	0.2279059484011744	0.815170006665627
10	0.5747236212910717	0.6298492655326137
11	0.4419262791227778	0.38716347939269197
12	0.31822168059604433	0.36910170292877215
13	0.49532025236737603	0.35304720172392307
14	0.5890497114126967	0.5553177064334863
15	0.0	0.08164253720596426
16	0.9657646637443034	0.5491555807838814
17	0.13947956163256148	0.2869681862596326
18	0.9647586100452699	0.5275771465653656
19	0.3703647287103962	0.8987091410462241
-1
0	0.5627731780747026	0.572335722528652
1	0.7951203386587773	0.6226671679932595
2	0.31911626841162166	0.3075954961410033
3	0.32031260159507885	0.8802286323695357
4	0.7787589280664576	0.6820141004326034
5	0.5895088812458802	0.4258585998460644
6	0.4880350163042041	0.6614843801489444
7	0.5524350070135703	0.3659245612627096
8	0.44871693411925917	0.06218877204839561
9	0.187531585818117	0.8446642577327725
10	0.5667144764477281	0.6792036331091347
11	0.39250070016212885	0.3796062216622281
12	0.36447140648098236	0.3501026804389678
13	0.5433114421128155	0.36707737302783927
14	0.6390013533190749	0.5531191908304139
15	0.04031281228722913	0.11122085976649206
16	0.988720721920793	0.5935742637111996
17	0.18532882084682484	0.2670221232520292
18	1.0	0.5087212032774093
19	0.3482973005799662	0.9435759284920432
-1
0	0.595040293908667	0.6105303980182739
1	0.7544813966990898	0.6517957861616029
2	0.35157286816971234	0.269561706793331
3	0.32878660724323305	0.8309519519996584
4	0.8259140962276189	0.6653891157501262
5	0.6133637776619117	0.38191609289686534
6	0.45058018481067746	0.6283613428819376
7	0.5152024314207063	0.39929723443585635
8	0.4806671392437287	0.10064893835724456
9	0.1670736594159109	0.8902874234199749
10	0.6093211652267806	0.6530374321757748
11	0.4119767347362403	0.33355533592407954
12	0.32982396179593126	0.31405334512198413
13	0.5540451350583092	0.41591166257680123
14	0.6191167196013164	0.5072432565956697
15	0.016523065864110693	0.06724304757530042
16	0.9421387787540355	0.6117435391730606
17	0.16671015453169527	0.3134262746250029
18	0.9736565986072533	0.5512185585252437
19	0.3953569257003029	0.9266823887938811
-1
0	0.5831368962298813	0.5619679729995346
1	0.79349430145003	0.6830686699891949
2	0.39652815429347377	0.24767512986749027
3	0.294246225803414	0.8671038821001635
4	0.7908374715436447	0.7010209891330906
5	0.5753047435507577	0.4143430866293409
6	0.47393293779837065	0.6725727546202636
7	0.4658202412448755	0.3914614643117348
8	0.44572311383598395	0.13641086068117578
9	0.12716255458702266	0.8601692609372221
10	0.6578609743633024	0.6410421443930646
11	0.45285885719223695	0.3047690186276122
12	0.37647086962633763	0.33205517808036844
13	0.5055605896353849	0.40369491771033256
14	0.664502500878434	0.48626396066216315
15	0.0	0.09086616371559188
16	0.9123771105699483	0.6519211835402992
17	0.21593650378916174	0.3221879262262669
18	0.9512182258759421	0.5065361298852207
19	0.44334891078821265	0.9407098392864633
-1
0	0.6237062557821037	0.591193425357411
1	0.8007126640590132	0.7325448788298613
2	0.34789231586013075	0.2592749238262533
3	0.3364802228995496	0.8403402969650661
4	0.8083317620855042	0.6541813713033409
5	0.6225905668831783	0.3980934431940186
6	0.4424314517251369	0.7114013056514038
7	0.501696412930465	0.42628818257783196
8	0.4610585510706241	0.08882068979660748
9	0.12356169010467405	0.9100394301266259
10	0.6909751662516095	0.6785047964025577
11	0.45804173560656086	0.2550383663963943
12	0.3284804194139711	0.3460878787617899
13	0.4775895312854201	0.3622507396537844
14	0.6776061266833309	0.43801155149158144
15	0.041145378357907984	0.1192749271484588
16	0.8745859569000599	0.6846599786357037
17	0.20961871140358598	0.27258867724634017
18	0.9605282909892948	0.4574105490989833
19	0.4028602908215822	0.9700470452406399
-1
0	0.5901905248747126	0.6282972766634863
1	0.8099421319545305	0.6834040920803025
2	0.33928062487126665	0.3085277286023502
3	0.3584269308805805	0.8852662583770977
4	0.8516439802115507	0.6292003432820251
5	0.5850761779646884	0.4311490119241477
6	0.4812412952543159	0.7429258365002626
7	0.45696267763871223	0.4486240937266389
8	0.4122042049330183	0.07817865693314575
9	0.08360453583710545	0.9400964729425405
10	0.6861953735345204	0.6287337849442634
11	0.40932589605533165	0.2437792822054447
12	0.3654379814228917	0.31241090427837187
13	0.439776792715273	0.32953687712081975
14	0.7033029618253938	0.39512014601587286
15	0.09100453845907372	0.11552470662076691
16	0.8293177339279285	0.7058917470252043
17	0.24349375981735688	0.23581258317743886
18	0.9238425864666813	0.42343763218448377
19	0.35635460344158015	0.9884106244482322
-1
0	0.6342660417389112	0.6519055127931455
1	0.8419497732462939	0.644991712579186
2	0.34006630693387824	0.25853390194648707
3	0.4035635495801817	0.9067763874414899
4	0.8395407975029833	0.6777133618267728
5	0.6350668461429084	0.43018304344894087
6	0.5234946855974887	0.7696587937722793
7	0.46836278199895265	0.49730712588955606
8	0.44836987880422874	0.04365266623857996
9	0.033759967602699455	0.9440358913673395
10	0.6630853418761191	0.6730725539477854
11	0.41478628715251503	0.29348022916891614
12	0.35327382436755755	0.26391313852433773
13	0.3962315004500439	0.3456311011574639
14	0.6882153770515882	0.347450818501283
15	0.045632813805742134	0.13653438538990242
16	0.8367103703296895	0.7553422164570647
17	0.29260883296694773	0.22644724338059535
18	0.9284250050261513	0.37364806058413935
19	0.396784757408378	0.9589928976458258
-1
0	0.5925848828409928	0.6242888331787082
1	0.8885420520842855	0.6631344674053651
2	0.29915147837464373	0.2297940897695008
3	0.4535304605696254	0.9085951249632371
4	0.8797645051295044	0.7074127447290512
5	0.6655535903012213	0.39055277180433096
6	0.5396856785601035	0.8169647315273282
7	0.49684220681550456	0.45621062528283324
8	0.44123761616181933	0.0
9	0.0143449687265172	0.97308200749526
10	0.6728296151222927	0.6240312536091535
11	0.41275276607951317	0.3434388599752709
12	0.34322434053962314	0.3128928064978151
13	0.40159408047017625	0.29591950557325764
14	0.7283006971401731	0.37733672008372976
15	0.0019188605896045055	0.1608055677718411
16	0.8585908944554793	0.800300448895415
17	0.30894443668551086	0.2737034392828267
18	0.9151942568948676	0.3254303532155125
19	0.37337752077951225	0.9148103074840859
-1
0	0.5509228664094854	0.6519343823116303
1	0.8932447525622381	0.712912822221637
2	0.29210288755779784	0.18029340929441362
3	0.44937173183202717	0.8587683753673918
4	0.8923165208274648	0.7558115763463347
5	0.6766925591117192	0.3418093273852221
6	0.5006312376714411	0.8481857284184267
7	0.5226219471919539	0.49905225207410797
8	0.4786982782192256	0.0
9	0.009596586967982618	1.0
10	0.6341155740386044	0.5923891452253796
11	0.39557785926753364	0.36137571968993365
12	0.29664599298877603	0.2947143153769191
13	0.42134398852554633	0.24998541004711902
14	0.7466524618261701	0.33082636926899395
15	0.0	0.20461109492450238
16	0.8481322186616106	0.7514065218631265
17	0.2720936020272658	0.30749716628933904
18	0.8793218883516608	0.3602609887982915
19	0.3946201550280376	0.8695471824242386
-1
0	0.5850212331228343	0.6153652506910683
1	0.8743650890107706	0.7334869659456311
2	0.2697435472889081	0.2250154385723881
3	0.49930663394651653	0.8613189734965301
4	0.846416823808234	0.7359818558858033
5	0.6418122923170118	0.30598521555631514
6	0.4708012184528708	0.8428532433655582
7	0.5574672461184655	0.4631941268760159
8	0.5058053097125159	0.0420143885308565
9	0.04780086257979224	1.0
10	0.6006198976987341	0.6295111018889857
11	0.4337935108465571	0.3936179896843165
12	0.3070368681143963	0.24580593456009217
13	0.4705269182647563	0.2589875999066997
14	0.7960021745099192	0.33886414620241373
15	0.04356981148499617	0.18008210132179017
16	0.7991836170389491	0.7616062473097247
17	0.31461881195241004	0.3337955791848431
18	0.8574381592711523	0.31530431630653666
19	0.3575599888335499	0.83598315284439
-1
0	0.6337549967668213	0.6265464975397879
1	0.8704085240684744	0.7833301760535023
2	0.28786209714069383	0.17841374170126167
3	0.5331415068114904	0.8245059136099756
4	0.8868281369827162	0.706538252717816
5	0.6869696852754407	0.28451873328282584
6	0.5067420612912265	0.8776132177048557
7	0.5787174828907224	0.5084536831831984
8	0.5347334620606925	0.0012325052771286552
9	0.08591498840053992	1.0
10	0.6497520043836185	0.6202355376093773
11	0.482996012905061	0.40251258305236426
12	0.3501488400121812	0.2204808900569802
13	0.495989345857186	0.3020185745772817
14	0.8405454998238678	0.3161508864192884
15	0.057027164020807534	0.22823705602768612
16	0.8444223381409836	0.7829008032584254
17	0.30698877717178585	0.2843811828084179
18	0.8911939183331753	0.2784186994600388
19	0.3161459936859993	0.8079674250130688
-1
0	0.6821301659387248	0.6139035940920143
1	0.8216876613007115	0.7945675036345964
2	0.33551261794932397	0.19356061816693299
3	0.5373987973171241	0.8743243386909699
4	0.9074040361582867	0.6609681707218753
5	0.6990515010437455	0.23600038904334522
6	0.5319809614788239	0.8344507581210867
7	0.5554714383598707	0.46418607184409794
8	0.4943591650283583	0.0
9	0.08193769349649935	1.0
10	0.6930074068091462	0.595156260087773
11	0.49841249534626453	0.45007656174569965
12	0.38318305612415665	0.18294769720229084
13	0.47035965018655	0.2590870162567341
14	0.8774991916162397	0.3498321076399388
15	0.09933460665110685	0.2548843879407301
16	0.842973139959768	0.7329218094247
17	0.26744547842668653	0.2537817134607997
18	0.920255310154991	0.3191057429183549
19	0.2933932933069272	0.7634442330176585
-1
0	0.7242184965889851	0.6408956748394179
1	0.8361396353041882	0.8424333625259067
2	0.32310428758382004	0.1451247498714176
3	0.5776979157297691	0.9039213158197852
4	0.902288936082085	0.7107058400602193
5	0.7368827565336591	0.20330794178014883
6	0.48332966686214995	0.845985554700203
7	0.5527830019783833	0.4142584010610272
8	0.4481347956775315	0.0
9	0.10259647645214398	1.0
10	0.6954825309694853	0.6450949601148153
11	0.4815832883717224	0.4971592315150322
12	0.42087999838638523	0.1501004668155717
13	0.42941635648065624	0.23038777061311272
14	0.8404036247997086	0.3833570076779744
15	0.05693020939910892	0.22839161357308882
16	0.8854502852655526	0.7065458331077697
17	0.3151387744234317	0.26879335950534966
18	0.9689541504209527	0.330438128225533
19	0.2505554185920032	0.7376582583432648
-1
0	0.745007521964884	0.6863689243815414
1	0.8159616757579792	0.796685685551534
2	0.37106027803833264	0.1309747329270215
3	0.5709031418475065	0.9534574748138869
4	0.9463900806159011	0.7342661679613217
5	0.6913220999572114	0.22390470298969323
6	0.46181154027075555	0.800852748140044
7	0.5281903721638758	0.457792325290375
8	0.4850696731631474	0.0
9	0.06072707416310305	0.9726695563161069
10	0.6542138246392322	0.6733242689591231
11	0.4528692896864773	0.4562262829344114
12	0.46317118004794955	0.17677359849650795
13	0.42702589079795494	0.18044494656581012
14	0.7926300156528866	0.36860294826753814
15	0.02484527974541364	0.19004376762162206
16	0.8515882844711584	0.6697577249449348
17	0.3490093483856679	0.3055735745600321
18	0.9508236621683376	0.3770351817345456
19	0.21007556243006753	0.7083089611607257
-1
0	0.7933364837669687	0.69918732721234
1	0.8075421121920542	0.8459716972522118
2	0.4126457673794502	0.10321420201963791
3	0.6198215083103429	0.9638012373115298
4	0.9962339866104848	0.7382139566085408
5	0.6460769469832086	0.2026238164395729
6	0.5075793672640402	0.7807205348411351
7	0.47977570680422543	0.47028312903205133
8	0.4546361685318127	0.03967117084047973
9	0.07345763738317232	1.0
10	0.6832038361390306	0.7140622025498388
11	0.5007898635909206	0.44195678411108935
12	0.5012566659544267	0.144377676480496
13	0.4724410036649494	0.15952922225900798
14	0.8402036539854861	0.35321630029603307
15	0.0	0.22029032334378898
16	0.900606299669244	0.6796184645744072
17	0.31396741228291525	0.26990758636160134
18	0.9061714615813015	0.3545367155038202
19	0.24321528326463715	0.7457490319807281
-1
0	0.7435561235660372	0.6945059024008632
1	0.8320491577003972	0.8895538578279795
2	0.41213142637469224	0.1532115564829575
3	0.605480002332206	1.0
4	1.0	0.7149796187891088
5	0.5994784511447944	0.18449703554507063
6	0.4859838694347648	0.8258163713840552
7	0.49994679592236996	0.5160338357346572
8	0.5001817670151286	0.060301208620294096
9	0.11585310713608102	1.0
10	0.7083289407873552	0.7572910021678103
11	0.5106832568681089	0.4909682191998815
12	0.45712133821408096	0.12088144603277819
13	0.4800321491816706	0.11010883669045982
14	0.8644516472142453	0.3969431207198651
15	0.0	0.21411823946977218
16	0.8785631976065066	0.7244972084455512
17	0.3114403553259867	0.31984368535958513
18	0.8828224374057677	0.3987500966236841
19	0.2921943957611513	0.7558012227396528
-1
0	0.701467762584286	0.6675138689489387
1	0.8544841112807794	0.8448697123416204
2	0.36279008424980463	0.16130055872765922
3	0.572535841149666	1.0
4	0.9708991725461161	0.7556384658153007
5	0.5673480302515318	0.22280677390520295
6	0.4466353849395752	0.8566659543298881
7	0.5474618286437922	0.5004671512616498
8	0.5428015130882123	0.08644613632464757
9	0.13423891564600107	0.9535030963887212
10	0.7138727819346443	0.8069827099804184
11	0.5399218935254252	0.531528077760057
12	0.5012463378244368	0.09736582549267561
13	0.45434626641562254	0.0672108713945529
14	0.8395446814288948	0.35358827029494283
15	0.0	0.21272607417642572
16	0.8804752044994086	0.7744606373675287
17	0.28017841672033605	0.35886536131816654
18	0.8497651030061044	0.43626292965971103
19	0.2499387848318939	0.7290717755887066
-1
0	0.7367278581340305	0.6941823186918618
1	0.8883738316858489	0.8081071382904714
2	0.3968600911946376	0.12470500398696657
3	0.5914379570372822	1.0
4	1.0	0.7927479287957846
5	0.5175293016740274	0.227060511428952
6	0.48239599812897643	0.8217205891963253
7	0.5900888425652304	0.4743340748231301
8	0.5644685163838102	0.041384612069596566
9	0.15826015678887817	0.9973548919500862
10	0.7334388385420103	0.8529954194076772
11	0.5865754859098867	0.5495125799112013
12	0.5346152223967497	0.13460179657440866
13	0.4930553825636413	0.03556273832103346
14	0.7963306573987496	0.3787387797753099
15	0.01507845199416703	0.16505385705303613
16	0.8329095765900055	0.7590492441279734
17	0.30248810470426213	0.4036121804460092
18	0.8060401442055516	0.46051427968171926
19	0.20092873988218224	0.7389720530609415
-1
0	0.7449783162646524	0.6448677169938367
1	0.9375477594885882	0.7990559049794254
2	0.4448806713744173	0.13863424945100206
3	0.5920141925939201	0.9500033205844302
4	0.9602516133228373	0.7624153430741097
5	0.4740364221202296	0.2517256574475515
6	0.5246993516570915	0.7950667662008277
7	0.6395498343233512	0.48165597992379283
8	0.6086129123115982	0.0648638009007871
9	0.18127391744917076	0.9529660778155459
10	0.7049045075434168	0.8940538162889816
11	0.6337291425597851	0.5661418512284748
12	0.5748389083183135	0.16430120887302818
13	0.5331927302181915	0.005746747254866007
14	0.7830181714827588	0.3305435754626758
15	0.0	0.12610775031372773
16	0.8507252037884051	0.7123309026813034
17	0.27960949149396025	0.35915355858732584
18	0.845879239451795	0.43030093014942233
19	0.19679585824525886	0.7888009532030797
-1
0	0.7902726799475492	0.6236917726568898
1	0.9814966029015801	0.8228991254552821
2	0.4097679939071889	0.17423059590794046
3	0.5435390403442486	0.9377493573736491
4	0.9291407240730064	0.7232731335033055
5	0.42445377755562513	0.24527884754031054
6	0.5739474094936907	0.786427970027577
7	0.6000558716977777	0.4509928601195426
8	0.5937688899444556	0.01711806810754396
9	0.1844621572574391	0.9030678300815325
10	0.6671502734317895	0.9268351799983278
11	0.656427041208471	0.6106930060612509
12	0.6150730518589277	0.1346159651726093
13	0.5628904422422575	0.0
14	0.8286125252749894	0.3100215165438222
15	0.04294653587689048	0.15171234084306368
16	0.8837883920958215	0.7498385762821591
17	0.2483526339619656	0.32012781250573774
18	0.810054883010448	0.3954209145880249
19	0.15028581305991265	0.8071534924512888
-1
0	0.7655497440873883	0.5802317169453014
1	1.0	0.8443588302384917
2	0.4444732748767867	0.13823693712168653
3	0.5796379625016885	0.9723451348482354
4	0.9780518114038846	0.7128950057284511
5	0.3808533392858442	0.2697533604605511
6	0.6239116869094087	0.7883176743232732
7	0.5638063853255693	0.48543084405808157
8	0.6260580201916922	0.055294134796989525
9	0.16342786952380772	0.9484281512834244
10	0.6547204521311574	0.8784048223449472
11	0.6440924940878461	0.6591477163310387
12	0.6055255528585403	0.18369595358782392
13	0.6128900617418412	0.0
14	0.859431236869314	0.27064884815995666
15	0.018031900829354512	0.10836189724154914
16	0.8464364693306212	0.716599534994202
17	0.2344475286028781	0.2721002366252847
18	0.8431838268440347	0.35797130737418276
19	0.1940039726755975	0.7828898876115807
-1
0	0.7509094434274401	0.5324231236111913
1	0.9610670969771191	0.8757312554270382
2	0.39518039665300214	0.12985766767768672
3	0.6015582818207426	0.9274062919509076
4	1.0	0.7346005969861571
5	0.3311823781409413	0.27548010639009496
6	0.6594604221832329	0.8234785534424245
7	0.5319176264215522	0.523941973041292
8	0.6670013694132252	0.08399330123999957
9	0.12100993564830251	0.921957055995672
10	0.6384624046527464	0.8311218878739381
11	0.601952447081834	0.6322364466038205
12	0.555680262318244	0.17976568502785842
13	0.6564697884669096	0.02451137324933789
14	0.8411609243305699	0.22410644083355583
15	0.056687994613051775	0.14007477180986921
16	0.8843404008396122	0.683991376871399
17	0.18599012844756246	0.25977626120387065
18	0.7964593697340626	0.34017172569993054
19	0.14748590818696178	0.7645576843552581
-1
0	0.7938392709288055	0.5580557183043358
1	0.968045292818529	0.9252419086523688
2	0.36029693254805917	0.0940366691985941
3	0.6294101909947195	0.8858819478216557
4	0.9975333237972366	0.6846614789672061
5	0.37654451812114165	0.29651047149431303
6	0.703817858167775	0.8465527353970952
7	0.4947971619473264	0.4904446430399658
8	0.6221929033792968	0.1061789130568118
9	0.08728403646939698	0.885044135160627
10	0.6884324100346024	0.8328535235565462
11	0.5708351249780155	0.5930993508366688
12	0.5694478724894045	0.22783285584303076
13	0.6346264742176542	0.06948769616049053
14	0.8198030985033457	0.2693153257560349
15	0.10620699703090533	0.13315607254334416
16	0.8846658719075734	0.7339903175460165
17	0.1360577838508733	0.2571760760032577
18	0.7783804341314389	0.29355464634615525
19	0.09758921889541555	0.761345146769035
-1
0	0.8430527260051371	0.5492219286617255
1	1.0	0.8953153933769593
2	0.38041820118598235	0.1398093089345819
3	0.6771169091742363	0.8709130119696935
4	1.0	0.7124261268364261
5	0.3986444810362919	0.34136124226972986
6	0.6898083195083768	0.8945499522596471
7	0.4928477245005711	0.44048266055686985
8	0.6659414165328825	0.08197008002317428
9	0.06814494321540601	0.9312360728707408
10	0.6942473694981661	0.7831928122604208
11	0.5918415592961203	0.5477261239595869
12	0.5814549028582702	0.27636976161298216
13	0.6430098293508703	0.11877987968597842
14	0.8446759299478297	0.22594088332809942
15	0.09941471199537977	0.18269257286377633
16	0.9263030555496465	0.7063073816764908
17	0.14235106796719546	0.20757371139196878
18	0.739088472298322	0.2626331047399402
19	0.058848021917025574	0.7929540008558504
-1
0	0.8552424723687834	0.5007305883668854
1	0.9650737289142681	0.9310946553599289
2	0.3647680995965626	0.09232168612357103
3	0.6462379409661009	0.8315875835244627
4	0.9628347207030951	0.6789785258046175
5	0.38410456947728955	0.3892004622869541
6	0.707793497791313	0.9412032839963087
7	0.5419003626994081	0.4307956235623087
8	0.7073390297986067	0.05393015106638956
9	0.08658740412515817	0.9777105350579708
10	0.661602125799573	0.8210648080338082
11	0.6109400872126105	0.501517399335085
12	0.6020645528281913	0.32192458932769674
13	0.6623767144295509	0.07268298432035564
14	0.8847618973708704	0.1960558500211259
15	0.1412193852715784	0.1552632219368899
16	0.937679295279778	0.6576187673030812
17	0.18973302924595406	0.19160656558007677
18	0.7884445575891792	0.27063165740661854
19	0.08840464562139119	0.8332827250508772
-1
0	0.8814187754467182	0.5433310714295468
1	0.9345139526461057	0.8915206730680258
2	0.4033450845379098	0.0605126271491991
3	0.6099421101113256	0.8659767193461367
4	0.98681472968871	0.6351041691819862
5	0.36583692460984757	0.4357439167246838
6	0.7184244942730714	0.8923465350888666
7	0.5219844857698127	0.39433307868124257
8	0.6703459830003271	0.02029215932222777
9	0.08776045769155746	1.0
10	0.6970120455133157	0.8307648838692335
11	0.6244146625786829	0.45336726103098424
12	0.5676541638964967	0.28564890692791944
13	0.7031548806256804	0.04374959250949394
14	0.8378346012880198	0.17879813052078433
15	0.09122886425146731	0.15623677632049288
16	0.8926249773771538	0.679300751491095
17	0.22661700450904995	0.15784901281345384
18	0.8274482471828767	0.23934728114500037
19	0.10100522020526745	0.7848965129635875
-1
0	0.925344644525298	0.5194455522664333
1	0.9821921982187173	0.87646129396005
2	0.4529790197298127	0.054473382381350986
3	0.6219108809619384	0.9145230737337272
4	0.9998986675125178	0.5868464177732982
5	0.3980649485758694	0.4739715830312415
6	0.7431539787626504	0.8488902053211599
7	0.4789186515461537	0.36892965523832216
8	0.7057461182685542	0.055602645342547996
9	0.11195960378445938	1.0
10	0.7029893079036402	0.8804063215429876
11	0.6729453521507496	0.4413351303111281
12	0.5302191143033437	0.3187942996991354
13	0.7490295274845485	0.023861988944103154
14	0.7892983119810666	0.1908076525891993
15	0.13186054887418977	0.1853755169370607
16	0.8528992676239635	0.7096630304669109
17	0.1768529477931295	0.15299734720516509
18	0.8507552612910833	0.19511174007947413
19	0.13511480330090206	0.7483378431157662
-1
0	0.9748299443925076	0.5122897785799376
1	0.9882924130809477	0.8268348153560364
2	0.4276002286661154	0.09755373711695174
3	0.650840913832116	0.9553036229959728
4	0.9919316948208906	0.5374852250594783
5	0.4161774527407289	0.5205756299893968
6	0.715206967768802	0.8074298076324049
7	0.4342409611553521	0.3464818495249863
8	0.7463566026775864	0.026434365378454294
9	0.06384931488348167	0.9863838293979379
10	0.7489724076564171	0.9000418642430548
11	0.629387230347248	0.416785384386754
12	0.480220674264079	0.3191892600010099
13	0.7759112312569405	0.06602090261954509
14	0.7447624859753612	0.21353561338618976
15	0.16559625232351421	0.22227947760226896
16	0.8081789163433154	0.6873003342668675
17	0.18588322479527083	0.10381956668118661
18	0.8135647819797155	0.16169216125820934
19	0.1391335576400248	0.7981760775704676
-1
0	0.9274489260851536	0.49631983480551584
1	0.974081855127355	0.7788967298430793
2	0.4305240645662633	0.04763929848814408
3	0.6060709314399539	0.9775667916070556
4	0.9494847060647762	0.563909705102391
5	0.4271384184672121	0.4717918495870657
6	0.7437678120598077	0.7663898493796858
7	0.4192846081683156	0.2987711850428481
8	0.7912370513604582	0.004394734573376902
9	0.024114098165342518	0.9560339932803817
10	0.7978740653707839	0.8896193946323088
11	0.6701521307687643	0.4457374636492846
12	0.527086757629323	0.3017659930857038
13	0.7717925154433217	0.11585097566832406
14	0.7754833838017724	0.2529846493280123
15	0.15982811233013097	0.2719456487957154
16	0.7954982407109427	0.7356656158798857
17	0.17140076463799536	0.15167621039752893
18	0.8337218392412616	0.11593527060166725
19	0.18630740808036778	0.8147479765151314
-1
0	0.9773970863721889	0.49859607818895035
1	0.9453137605710671	0.7380017822871712
2	0.40880177289962016	0.09267419656451688
3	0.6102676394979163	1.0
4	0.9626171639926957	0.6121542752504545
5	0.3888765832497952	0.4396043991475662
6	0.7244118946179653	0.7202883476689542
7	0.3854118301551938	0.2619929998011349
8	0.8340681746696024	0.0
9	0.0	0.9811817593267437
10	0.846156522367198	0.8766269219504278
11	0.7156473313342833	0.46647840686561903
12	0.561819462030944	0.3377331898759683
13	0.8204944988248033	0.10453210581705817
14	0.7281178237497877	0.23696891578371804
15	0.11169408043694248	0.2584136506540693
16	0.764229224140763	0.774681620323368
17	0.16329416109504422	0.10233775704725241
18	0.8250237003079787	0.06669765917404713
19	0.14485815372629665	0.8427115119406015
-1
0	0.9317166042222029	0.5189257006779394
1	0.9125293450804095	0.7002501982020505
2	0.43053740639495663	0.13770265685971692
3	0.5910162641606314	0.9538547451234368
4	0.9462899131896049	0.5648951927243097
5	0.4072052359662965	0.3930849355909226
6	0.7296866845410801	0.6705673602364122
7	0.3373125856540951	0.24833786602575475
8	0.8356685175477123	0.049974382464143395
9	0.0	0.9372001796356574
10	0.806913019223544	0.9076099408642461
11	0.6888906616204418	0.4242400282766581
12	0.5225989070225212	0.30672112666128865
13	0.7786715322373695	0.07713065574910749
14	0.7770314204524664	0.226602621479209
15	0.14415092263145798	0.22038006819382347
16	0.7283167734039666	0.7398923133156512
17	0.2034663044323908	0.1321068500748151
18	0.8688131541037831	0.04256295933615589
19	0.1387711875209431	0.892339617308577
-1
0	0.9666179408898065	0.4831221156784649
1	0.8653154619193906	0.7167076960938216
2	0.4641995851991402	0.1746736957706696
3	0.6344712935369858	0.9785865146092656
4	0.9384875836714489	0.6142826775164117
5	0.4287987108403142	0.3479881303508043
6	0.719064006549409	0.719425918466115
7	0.38440887782620453	0.2651289131532959
8	0.8790716316453879	0.07479714795520324
9	0.035607794514603636	0.9020991117059524
10	0.8456650714368747	0.9392054856333315
11	0.7342409107385379	0.4452960227895425
12	0.5272016750003611	0.2569334321279788
13	0.7844589137062575	0.027466723003768324
14	0.7910858840717208	0.2745867027184602
15	0.17005775482147834	0.17761517551445238
16	0.697014325680552	0.7009031255000158
17	0.25315249309432286	0.13769994011976266
18	0.9022055083754813	0.07977788478540813
19	0.16648043604649648	0.9339592946997957
-1
0	0.9911324444046942	0.5267000816408474
1	0.8990480297281223	0.7536145229559256
2	0.49663361726247335	0.2127267319716704
3	0.5848084440483537	0.972789844817956
4	0.9844979820014722	0.6338541681472397
5	0.3792927906045214	0.3549998249824412
6	0.7506933900193717	0.6807014804287458
7	0.3699003843435311	0.21728015541745468
8	0.8836212182690695	0.025004565560296094
9	0.04742336822168059	0.9506829795838049
10	0.8186520550797571	0.9812803825112811
11	0.7140514178378327	0.4910386110024144
12	0.5688118024651122	0.22920984483543733
13	0.7565840317721488	0.0
14	0.8355538910811464	0.2974470691330581
15	0.16187233803456252	0.22694061471193422
16	0.6778486356269124	0.6547222168388837
17	0.25380570662776275	0.08770420718104348
18	0.8529665549216572	0.08846842347827064
19	0.20089902511734348	0.9702271968499363
-1
0	0.9427481123536521	0.5140922899240356
1	0.8492919129296834	0.7486820954460565
2	0.45284366015917227	0.23686051859729237
3	0.6220675457745015	1.0
4	0.9484056182990964	0.599251548558899
5	0.40951957112117254	0.39482873081223024
6	0.7257511367538332	0.7240360394092838
7	0.4112394612370107	0.18915399816846343
8	0.8458069100984809	0.0
9	0.09730476153144918	0.9541248688144709
10	0.7787996995285965	0.951084525891144
11	0.6857297757652818	0.5322440061626883
12	0.5452617009883436	0.27331645114825515
13	0.7254221637645597	0.03910163656776519
14	0.818160062200563	0.25057005219647194
15	0.1852013149521796	0.2711645769493603
16	0.6409972063728151	0.620929138229052
17	0.2846027798148809	0.0483146110532931
18	0.8959875396731548	0.06298912068146308
19	0.15150067152295868	0.9779604149487701
-1
0	0.8939050917433125	0.5033983973839946
1	0.834240837812503	0.7010012278174468
2	0.41298576355427796	0.26704906076536594
3	0.5881011476618299	1.0
4	0.9586048673550803	0.6482002494476254
5	0.36732628371939724	0.42165644965359267
6	0.737345857262583	0.7726730875960722
7	0.45949426542378863	0.20224880144670027
8	0.8853126369323854	0.0
9	0.14094422407151913	0.9785297312237088
10	0.759951556285977	0.9047731072526948
11	0.7278930980664653	0.5591187945809536
12	0.5212332280196255	0.22946861782901823
13	0.6820180353051198	0.06392262834239913
14	0.8510404686440136	0.212902043593501
15	0.20138352235425086	0.2238556331480414
16	0.6317726851319554	0.670070853785969
17	0.30929510840320484	0.09179206393275974
18	0.8875737595618896	0.042473983006067265
19	0.10188625491511588	0.9841579680678174
-1
0	0.8747776674397918	0.5495951682615472
1	0.8525417093589597	0.6544708280701838
2	0.4470365046880468	0.23043557925594013
3	0.5574254585179585	0.9605157994186463
4	0.9749514793949708	0.6954526385387318
5	0.3756307127868079	0.47096199151111967
6	0.7268313949501933	0.8215550483002148
7	0.4316272491104503	0.16073459421842556
8	0.8379767998842523	0.016103370173742894
9	0.10158580692451002	1.0
10	0.710018178347684	0.9073533722917163
11	0.717222962778963	0.6079670106481387
12	0.5016211062749276	0.27546171166571454
13	0.7127549616826472	0.10335917683313887
14	0.876703021130567	0.25581396967326225
15	0.15564431092030603	0.20365849133537667
16	0.6640486580474917	0.7082580449939586
17	0.26379756411705263	0.07105626243077723
18	0.904101594560477	0.08966328974243995
19	0.15185567015317517	0.9859065505698483
-1
0	0.8899649110075492	0.5972328385741644
1	0.8921765193249723	0.6849516718734329
2	0.4112161388545681	0.26531969299781055
3	0.5975005793361142	0.9306162226422063
4	1.0	0.7319319984905318
5	0.4185296060859302	0.4966463243564656
6	0.7709372593923254	0.8451065391619897
7	0.467421638814545	0.19564536140723707
8	0.8691887321562294	0.055165055798527686
9	0.12855330722637712	0.9578959155488592
10	0.6673099508533301	0.8813532318249704
11	0.7642245231141179	0.5909125881700602
12	0.5162531030134856	0.3232728470992391
13	0.6853895413952761	0.14520572713893518
14	0.9004451731913554	0.29981749470845004
15	0.19617215278687405	0.23294149039009196
16	0.7043332087073733	0.7378748472881198
17	0.2375880180704231	0.028476223726830452
18	0.9536375292757383	0.08286688099330135
19	0.15035904669654554	1.0
-1
0	0.9386544846435877	0.5858607051269709
1	0.853512444058929	0.7166548149955547
2	0.378247095984574	0.22772923925970712
3	0.6359927445380161	0.9625278697020102
4	1.0	0.6892342012302751
5	0.4544959703430858	0.5145735527614832
6	0.7943484797268704	0.8009260597344486
7	0.43267669865478803	0.1596899844338982
8	0.857935406900518	0.006447885615016746
9	0.11294350427565862	1.0
10	0.633507551141173	0.8445103522727481
11	0.8074702286815054	0.6160085828699884
12	0.5151729819021034	0.37326117912166956
13	0.6751108893733633	0.09627363835649683
14	0.8645754934987984	0.33465089934758
15	0.23347215943816138	0.19964420065332927
16	0.7409493067897285	0.7038269198736157
17	0.28727002125608103	0.03410637110148006
18	0.9859274072880645	0.04469144677246909
19	0.19249602602159188	1.0
-1
0	0.9886544378939395	0.5857923314285275
1	0.8840611718120417	0.6770723032932107
2	0.3983303358725003	0.18193990124741424
3	0.6016791553902447	0.9988951297005026
4	1.0	0.6909513958645437
5	0.48093260545967575	0.5570129722168938
6	0.8439265573281274	0.7944442219268713
7	0.4679342684627457	0.12423714574308262
8	0.8081275947533506	0.010827594408132421
9	0.07885739204991202	1.0
10	0.5971588858137121	0.8788436382924731
11	0.7686113186875101	0.584544553978593
12	0.46567832566488043	0.3661704101958668
13	0.7113111624055137	0.13076335033554587
14	0.9099121236993314	0.3557362013862067
15	0.26050165225257493	0.24170851472351906
16	0.7874240478330158	0.6853851616884701
17	0.2907785552600516	0.0
18	1.0	0.04889484059786224
19	0.23694584674115748	0.9771042921489971
-1
0	0.9588193134997592	0.6259154588288659
1	0.8486493015032935	0.712371020567871
2	0.40631357383642347	0.1325813365234337
3	0.5600657076561194	0.9711765264225736
4	0.9607887071077715	0.7219751691637392
5	0.4980605479606065	0.5100381535830256
6	0.7967663057703605	0.8110547810086164
7	0.49160645809614756	0.16827834733840993
8	0.7589959462155202	0.0015496036797952046
9	0.07286270596949936	1.0
10	0.5471724567682524	0.8776787729426492
11	0.7950970983678847	0.5421357874942603
12	0.5139093251286064	0.35298819904864037
13	0.7318411745219889	0.08517257711883694
14	0.8696261929170157	0.3261212764158059
15	0.21090603789886178	0.2353622530776552
16	0.7473993957961557	0.7153522641397961
17	0.26117344172978224	0.0
18	1.0	0.015994663964718832
19	0.25691597443234204	1.0
-1
0	0.9101947443103351	0.637562401395175
1	0.8029297385361578	0.6921294405382858
2	0.3568973820960681	0.14019973490369936
3	0.5111486154900651	0.9815263135710004
4	0.9922353923399172	0.7608481158993592
5	0.5340139801734338	0.5447851061417411
6	0.8236248613213552	0.8532284457025238
7	0.4416255260250612	0.1696590823982432
8	0.7743459137373325	0.04913508988178026
9	0.07661885451424533	1.0
10	0.5827151580968167	0.9128457515201226
11	0.8392273189318711	0.565641608751428
12	0.4818769683574654	0.31459642753850636
13	0.7675639758204811	0.05018855980537724
14	0.8264584851167279	0.35135119919152935
15	0.20011781807821846	0.18653998036220823
16	0.7811648700990931	0.7522289877618544
17	0.30518469854840075	0.023727816444957688
18	0.9584861501568356	0.043862212676422846
19	0.2912240364804514	1.0
-1
0	0.8695153409168055	0.666634486623904
1	0.8368865400415784	0.6554288188606976
2	0.34521141506861003	0.0915845297243199
3	0.5280771462421094	0.9344792642843863
4	0.9848603481441045	0.7113950197059983
5	0.565887124714231	0.5062610531737388
6	0.7898569430726529	0.8901029314229912
7	0.49147393299260445	0.16576853965998867
8	0.7458166868203776	0.09019703347339436
9	0.028596093876350565	1.0
10	0.5682066687295516	0.9606945105038199
11	0.8566407530655366	0.5187718710556344
12	0.4338642580774784	0.32855277561277113
13	0.7183000398420474	0.04164077577015596
14	0.8532985041301955	0.309165735114946
15	0.25007603561844033	0.18449633161453402
16	0.8309567551425334	0.7476717754757279
17	0.2653608719726049	0.05396128857207096
18	0.9366079180629652	0.0888215605414302
19	0.288676385318983	1.0
